VERSION 1
BOUNDS xmin=0.00 xmax=5.00 ymin=0.00 ymax=5.00 hmin=0.00 hmax=5.00
CELL 0.00 0.00 0.00 1
CELL 0.00 0.00 1.00 1
CELL 0.00 0.00 2.00 1
CELL 0.00 0.00 3.00 1
CELL 0.00 0.00 4.00 1
CELL 0.00 1.00 0.00 1
CELL 0.00 1.00 1.00 1
CELL 0.00 1.00 2.00 1
CELL 0.00 1.00 3.00 1
CELL 0.00 1.00 4.00 1
CELL 0.00 2.00 0.00 1
CELL 0.00 2.00 1.00 1
CELL 0.00 2.00 2.00 1
CELL 0.00 2.00 3.00 1
CELL 0.00 2.00 4.00 1
CELL 0.00 3.00 0.00 1
CELL 0.00 3.00 1.00 1
CELL 0.00 3.00 2.00 1
CELL 0.00 3.00 3.00 1
CELL 0.00 3.00 4.00 1
CELL 0.00 4.00 0.00 1
CELL 0.00 4.00 1.00 1
CELL 0.00 4.00 2.00 1
CELL 0.00 4.00 3.00 1
CELL 0.00 4.00 4.00 1
CELL 1.00 0.00 0.00 1
CELL 1.00 0.00 1.00 1
CELL 1.00 0.00 2.00 1
CELL 1.00 0.00 3.00 1
CELL 1.00 0.00 4.00 1
CELL 1.00 1.00 0.00 1
CELL 1.00 1.00 1.00 1
CELL 1.00 1.00 2.00 1
CELL 1.00 1.00 3.00 1
CELL 1.00 1.00 4.00 1
CELL 1.00 2.00 0.00 1
CELL 1.00 2.00 1.00 1
CELL 1.00 2.00 2.00 1
CELL 1.00 2.00 3.00 1
CELL 1.00 2.00 4.00 1
CELL 1.00 3.00 0.00 1
CELL 1.00 3.00 1.00 1
CELL 1.00 3.00 2.00 1
CELL 1.00 3.00 3.00 1
CELL 1.00 3.00 4.00 1
CELL 1.00 4.00 0.00 1
CELL 1.00 4.00 1.00 1
CELL 1.00 4.00 2.00 1
CELL 1.00 4.00 3.00 1
CELL 1.00 4.00 4.00 1
CELL 2.00 4.00 1.00 1
CELL 2.00 4.00 3.00 1
CELL 3.00 4.00 2.00 1
CELL 4.00 4.00 1.00 1
CELL 4.00 4.00 3.00 1
END
